vertices: 3
actions: 2
results: 
Graph: {1, 5, 9, 10, 14, 18, 19, 20, 21}
Cones with solutions: 
{| -1 |, | 1  |, | -1 |, | 1  |, | 0 |}
 | -1 |  | -1 |  | 1  |  | 1  |  | 0 |
 | -1 |  | -1 |  | -1 |  | -1 |  | 1 |
Graph: {1, 5, 9, 11, 13, 18, 19, 20, 21}
Cones with solutions: 
{| -1 |, | 1  |, | -1 |, | 1  |, | 0 |}
 | -1 |  | -1 |  | 1  |  | 1  |  | 0 |
 | -1 |  | -1 |  | -1 |  | -1 |  | 1 |
Graph: {1, 5, 9, 10, 15, 17, 19, 20, 21}
Cones with solutions: 
{| -1 |, | 1  |, | -1 |, | 1  |, | 0 |}
 | -1 |  | -1 |  | 1  |  | 1  |  | 0 |
 | -1 |  | -1 |  | -1 |  | -1 |  | 1 |
Graph: {1, 5, 9, 12, 14, 16, 19, 20, 21}
Cones with solutions: 
{| -1 |, | 1  |, | -1 |, | 1  |, | 0 |}
 | -1 |  | -1 |  | 1  |  | 1  |  | 0 |
 | -1 |  | -1 |  | -1 |  | -1 |  | 1 |
Graph: {2, 4, 9, 11, 13, 18, 19, 20, 21}
Cones with solutions: 
{| -1 |, | 1  |, | -1 |, | 1  |, | 0 |}
 | -1 |  | -1 |  | 1  |  | 1  |  | 0 |
 | -1 |  | -1 |  | -1 |  | -1 |  | 1 |
Graph: {1, 6, 8, 10, 15, 17, 19, 20, 21}
Cones with solutions: 
{| -1 |, | 1  |, | -1 |, | 1  |, | 0 |}
 | -1 |  | -1 |  | 1  |  | 1  |  | 0 |
 | -1 |  | -1 |  | -1 |  | -1 |  | 1 |
Graph: {3, 5, 7, 12, 14, 16, 19, 20, 21}
Cones with solutions: 
{| -1 |, | 1  |, | -1 |, | 1  |, | 0 |}
 | -1 |  | -1 |  | 1  |  | 1  |  | 0 |
 | -1 |  | -1 |  | -1 |  | -1 |  | 1 |
