vertices: 2
actions: 3
results: 
Graph: {1, 4, 5, 8, 9, 12, 13}
Cones with solutions: 
{| -1 |, | 1  |, | -1 |, | 1  |, | -1 |, | 1  |, | -1 |, | 1  |, | 0 |, | -1 1  |, | -1 -1 |, | -1 -1 |, | -1 0 |, | 1  1  |, | 1  1  |, | 1  0 |, | -1 1  |, | -1 -1 |, | -1 0 |, | 1  1  |, | 1  0 |, | -1 1  |, | -1 -1 |, | -1 0 |, | 1  1  |, | 1  0 |, | -1 1  |, | -1 0 |, | 1  0 |, | -1 1  -1 1  -1 1  -1 1  |}
 | -1 |  | -1 |  | 1  |  | 1  |  | -1 |  | -1 |  | 1  |  | 1  |  | 0 |  | -1 -1 |  | -1 1  |  | -1 -1 |  | -1 0 |  | -1 1  |  | -1 -1 |  | -1 0 |  | 1  1  |  | 1  1  |  | 1  0 |  | 1  1  |  | 1  0 |  | -1 -1 |  | -1 1  |  | -1 0 |  | -1 1  |  | -1 0 |  | 1  1  |  | 1  0 |  | 1  0 |  | -1 -1 1  1  -1 -1 1  1  |
 | -1 |  | -1 |  | -1 |  | -1 |  | 1  |  | 1  |  | 1  |  | 1  |  | 0 |  | -1 -1 |  | -1 -1 |  | -1 1  |  | -1 0 |  | -1 -1 |  | -1 1  |  | -1 0 |  | -1 -1 |  | -1 1  |  | -1 0 |  | -1 1  |  | -1 0 |  | 1  1  |  | 1  1  |  | 1  0 |  | 1  1  |  | 1  0 |  | 1  1  |  | 1  0 |  | 1  0 |  | -1 -1 -1 -1 1  1  1  1  |
 | -1 |  | -1 |  | -1 |  | -1 |  | -1 |  | -1 |  | -1 |  | -1 |  | 1 |  | -1 -1 |  | -1 -1 |  | -1 -1 |  | -1 1 |  | -1 -1 |  | -1 -1 |  | -1 1 |  | -1 -1 |  | -1 -1 |  | -1 1 |  | -1 -1 |  | -1 1 |  | -1 -1 |  | -1 -1 |  | -1 1 |  | -1 -1 |  | -1 1 |  | -1 -1 |  | -1 1 |  | -1 1 |  | -1 -1 -1 -1 -1 -1 -1 -1 |
Graph: {2, 3, 6, 7, 10, 11, 13}
Cones with Solutions: 
{| -1 |, | 1  |, | -1 |, | 1  |, | -1 |, | 1  |, | -1 |, | 1  |, | 0 |, | -1 0 |, | 1  0 |, | -1 0 |, | 1  0 |, | -1 0 |, | 1  0 |, | -1 0 |, | 1  0 |, | -1 1  -1 1  -1 1  -1 1  |}
 | -1 |  | -1 |  | 1  |  | 1  |  | -1 |  | -1 |  | 1  |  | 1  |  | 0 |  | -1 0 |  | -1 0 |  | 1  0 |  | 1  0 |  | -1 0 |  | -1 0 |  | 1  0 |  | 1  0 |  | -1 -1 1  1  -1 -1 1  1  |
 | -1 |  | -1 |  | -1 |  | -1 |  | 1  |  | 1  |  | 1  |  | 1  |  | 0 |  | -1 0 |  | -1 0 |  | -1 0 |  | -1 0 |  | 1  0 |  | 1  0 |  | 1  0 |  | 1  0 |  | -1 -1 -1 -1 1  1  1  1  |
 | -1 |  | -1 |  | -1 |  | -1 |  | -1 |  | -1 |  | -1 |  | -1 |  | 1 |  | -1 1 |  | -1 1 |  | -1 1 |  | -1 1 |  | -1 1 |  | -1 1 |  | -1 1 |  | -1 1 |  | -1 -1 -1 -1 -1 -1 -1 -1 |
