vertices: 3
actions: 4
results: 
Graph: {2, 4, 9, 10, 15, 17, 20, 24, 25, 30, 32, 34, 37, 38, 39}
Cones with solutions: 
{| -1 |, | 1  |, | -1 |, | 1  |, | -1 |, | 1  |, | -1 |, | 1  |, | -1 |, | 1  |, | -1 |, | 1  |, | -1 |, | 1  |, | -1 |, | 1  |, | 0 |}
 | -1 |  | -1 |  | 1  |  | 1  |  | -1 |  | -1 |  | 1  |  | 1  |  | -1 |  | -1 |  | 1  |  | 1  |  | -1 |  | -1 |  | 1  |  | 1  |  | 0 |
 | -1 |  | -1 |  | -1 |  | -1 |  | 1  |  | 1  |  | 1  |  | 1  |  | -1 |  | -1 |  | -1 |  | -1 |  | 1  |  | 1  |  | 1  |  | 1  |  | 0 |
 | -1 |  | -1 |  | -1 |  | -1 |  | -1 |  | -1 |  | -1 |  | -1 |  | 1  |  | 1  |  | 1  |  | 1  |  | 1  |  | 1  |  | 1  |  | 1  |  | 0 |
 | -1 |  | -1 |  | -1 |  | -1 |  | -1 |  | -1 |  | -1 |  | -1 |  | -1 |  | -1 |  | -1 |  | -1 |  | -1 |  | -1 |  | -1 |  | -1 |  | 1 |
Graph: {2, 4, 9, 12, 13, 17, 19, 24, 26, 30, 32, 34, 37, 38, 39}
Cones with solutions: 
{| -1 |, | 1  |, | -1 |, | 1  |, | -1 |, | 1  |, | -1 |, | 1  |, | -1 |, | 1  |, | -1 |, | 1  |, | -1 |, | 1  |, | -1 |, | 1  |, | 0 |}
 | -1 |  | -1 |  | 1  |  | 1  |  | -1 |  | -1 |  | 1  |  | 1  |  | -1 |  | -1 |  | 1  |  | 1  |  | -1 |  | -1 |  | 1  |  | 1  |  | 0 |
 | -1 |  | -1 |  | -1 |  | -1 |  | 1  |  | 1  |  | 1  |  | 1  |  | -1 |  | -1 |  | -1 |  | -1 |  | 1  |  | 1  |  | 1  |  | 1  |  | 0 |
 | -1 |  | -1 |  | -1 |  | -1 |  | -1 |  | -1 |  | -1 |  | -1 |  | 1  |  | 1  |  | 1  |  | 1  |  | 1  |  | 1  |  | 1  |  | 1  |  | 0 |
 | -1 |  | -1 |  | -1 |  | -1 |  | -1 |  | -1 |  | -1 |  | -1 |  | -1 |  | -1 |  | -1 |  | -1 |  | -1 |  | -1 |  | -1 |  | -1 |  | 1 |
