vertices: 4
actions: 3
results: 
Graph: {1, 6, 11, 16, 18, 24, 25, 31, 34, 37, 44, 47, 49, 50, 51, 52, 53, 54}
Cones with solutions: 
{| 0 |, | -1 -1 |, | 1  1  |, | -1 -1 |, | 1  1  |}
 | 0 |  | -1 1  |  | -1 1  |  | -1 1  |  | -1 1  |
 | 0 |  | -1 -1 |  | -1 -1 |  | 1  1  |  | 1  1  |
 | 1 |  | -1 -1 |  | -1 -1 |  | -1 -1 |  | -1 -1 |
Graph: {1, 6, 11, 16, 18, 21, 28, 31, 34, 37, 44, 47, 49, 50, 51, 52, 53, 54}
Cones with solutions: 
{| -1 |, | 1  |, | -1 |, | 1  |, | -1 |, | 1  |, | -1 |, | 1  |, | 0 |, | -1 1  |, | -1 -1 |, | -1 -1 |, | -1 0 |, | 1  1  |, | 1  1  |, | 1  0 |, | -1 1  |, | -1 -1 |, | -1 0 |, | 1  1  |, | 1  0 |, | -1 1  |, | -1 -1 |, | -1 0 |, | 1  1  |, | 1  0 |, | -1 1  |, | -1 0 |, | 1  0 |}
 | -1 |  | -1 |  | 1  |  | 1  |  | -1 |  | -1 |  | 1  |  | 1  |  | 0 |  | -1 -1 |  | -1 1  |  | -1 -1 |  | -1 0 |  | -1 1  |  | -1 -1 |  | -1 0 |  | 1  1  |  | 1  1  |  | 1  0 |  | 1  1  |  | 1  0 |  | -1 -1 |  | -1 1  |  | -1 0 |  | -1 1  |  | -1 0 |  | 1  1  |  | 1  0 |  | 1  0 |
 | -1 |  | -1 |  | -1 |  | -1 |  | 1  |  | 1  |  | 1  |  | 1  |  | 0 |  | -1 -1 |  | -1 -1 |  | -1 1  |  | -1 0 |  | -1 -1 |  | -1 1  |  | -1 0 |  | -1 -1 |  | -1 1  |  | -1 0 |  | -1 1  |  | -1 0 |  | 1  1  |  | 1  1  |  | 1  0 |  | 1  1  |  | 1  0 |  | 1  1  |  | 1  0 |  | 1  0 |
 | -1 |  | -1 |  | -1 |  | -1 |  | -1 |  | -1 |  | -1 |  | -1 |  | 1 |  | -1 -1 |  | -1 -1 |  | -1 -1 |  | -1 1 |  | -1 -1 |  | -1 -1 |  | -1 1 |  | -1 -1 |  | -1 -1 |  | -1 1 |  | -1 -1 |  | -1 1 |  | -1 -1 |  | -1 -1 |  | -1 1 |  | -1 -1 |  | -1 1 |  | -1 -1 |  | -1 1 |  | -1 1 |
