vertices: 3
actions: 3
results: 
Graph: {1, 5, 9, 10, 14, 18, 19, 23, 27, 28, 29, 30}
Cones with solutions: 
{| -1 |, | 1  |, | -1 |, | 1  |, | -1 |, | 1  |, | -1 |, | 1  |, | 0 |, | -1 1  |, | -1 -1 |, | -1 -1 |, | -1 0 |, | 1  1  |, | 1  1  |, | 1  0 |, | -1 1  |, | -1 -1 |, | -1 0 |, | 1  1  |, | 1  0 |, | -1 1  |, | -1 -1 |, | -1 0 |, | 1  1  |, | 1  0 |, | -1 1  |, | -1 0 |, | 1  0 |}
 | -1 |  | -1 |  | 1  |  | 1  |  | -1 |  | -1 |  | 1  |  | 1  |  | 0 |  | -1 -1 |  | -1 1  |  | -1 -1 |  | -1 0 |  | -1 1  |  | -1 -1 |  | -1 0 |  | 1  1  |  | 1  1  |  | 1  0 |  | 1  1  |  | 1  0 |  | -1 -1 |  | -1 1  |  | -1 0 |  | -1 1  |  | -1 0 |  | 1  1  |  | 1  0 |  | 1  0 |
 | -1 |  | -1 |  | -1 |  | -1 |  | 1  |  | 1  |  | 1  |  | 1  |  | 0 |  | -1 -1 |  | -1 -1 |  | -1 1  |  | -1 0 |  | -1 -1 |  | -1 1  |  | -1 0 |  | -1 -1 |  | -1 1  |  | -1 0 |  | -1 1  |  | -1 0 |  | 1  1  |  | 1  1  |  | 1  0 |  | 1  1  |  | 1  0 |  | 1  1  |  | 1  0 |  | 1  0 |
 | -1 |  | -1 |  | -1 |  | -1 |  | -1 |  | -1 |  | -1 |  | -1 |  | 1 |  | -1 -1 |  | -1 -1 |  | -1 -1 |  | -1 1 |  | -1 -1 |  | -1 -1 |  | -1 1 |  | -1 -1 |  | -1 -1 |  | -1 1 |  | -1 -1 |  | -1 1 |  | -1 -1 |  | -1 -1 |  | -1 1 |  | -1 -1 |  | -1 1 |  | -1 -1 |  | -1 1 |  | -1 1 |
Graph: {1, 5, 9, 10, 14, 18, 20, 22, 27, 28, 29, 30}
Cones with solutions: 
{| -1 |, | 1  |, | -1 |, | 1  |, | -1 |, | 1  |, | -1 |, | 1  |, | 0 |, | -1 1  |, | -1 -1 |, | -1 -1 |, | -1 0 |, | 1  1  |, | 1  1  |, | 1  0 |, | -1 1  |, | -1 -1 |, | -1 0 |, | 1  1  |, | 1  0 |, | -1 1  |, | -1 -1 |, | -1 0 |, | 1  1  |, | 1  0 |, | -1 1  |, | -1 0 |, | 1  0 |}
 | -1 |  | -1 |  | 1  |  | 1  |  | -1 |  | -1 |  | 1  |  | 1  |  | 0 |  | -1 -1 |  | -1 1  |  | -1 -1 |  | -1 0 |  | -1 1  |  | -1 -1 |  | -1 0 |  | 1  1  |  | 1  1  |  | 1  0 |  | 1  1  |  | 1  0 |  | -1 -1 |  | -1 1  |  | -1 0 |  | -1 1  |  | -1 0 |  | 1  1  |  | 1  0 |  | 1  0 |
 | -1 |  | -1 |  | -1 |  | -1 |  | 1  |  | 1  |  | 1  |  | 1  |  | 0 |  | -1 -1 |  | -1 -1 |  | -1 1  |  | -1 0 |  | -1 -1 |  | -1 1  |  | -1 0 |  | -1 -1 |  | -1 1  |  | -1 0 |  | -1 1  |  | -1 0 |  | 1  1  |  | 1  1  |  | 1  0 |  | 1  1  |  | 1  0 |  | 1  1  |  | 1  0 |  | 1  0 |
 | -1 |  | -1 |  | -1 |  | -1 |  | -1 |  | -1 |  | -1 |  | -1 |  | 1 |  | -1 -1 |  | -1 -1 |  | -1 -1 |  | -1 1 |  | -1 -1 |  | -1 -1 |  | -1 1 |  | -1 -1 |  | -1 -1 |  | -1 1 |  | -1 -1 |  | -1 1 |  | -1 -1 |  | -1 -1 |  | -1 1 |  | -1 -1 |  | -1 1 |  | -1 -1 |  | -1 1 |  | -1 1 |
Graph: {1, 5, 9, 10, 14, 18, 21, 22, 26, 28, 29, 30}
Cones with solutions: 
{| 0 |, | -1 -1 |, | 1  1  |, | -1 -1 |, | 1  1  |}
 | 0 |  | -1 -1 |  | -1 -1 |  | 1  1  |  | 1  1  |
 | 0 |  | -1 1  |  | -1 1  |  | -1 1  |  | -1 1  |
 | 1 |  | -1 -1 |  | -1 -1 |  | -1 -1 |  | -1 -1 |
Graph: {1, 5, 9, 10, 14, 18, 19, 24, 26, 28, 29, 30}
Cones with solutions: 
{| -1 |, | 1  |, | -1 |, | 1  |, | -1 |, | 1  |, | -1 |, | 1  |, | 0 |, | -1 1  |, | -1 -1 |, | -1 -1 |, | -1 0 |, | 1  1  |, | 1  1  |, | 1  0 |, | -1 1  |, | -1 -1 |, | -1 0 |, | 1  1  |, | 1  0 |, | -1 1  |, | -1 -1 |, | -1 0 |, | 1  1  |, | 1  0 |, | -1 1  |, | -1 0 |, | 1  0 |}
 | -1 |  | -1 |  | 1  |  | 1  |  | -1 |  | -1 |  | 1  |  | 1  |  | 0 |  | -1 -1 |  | -1 1  |  | -1 -1 |  | -1 0 |  | -1 1  |  | -1 -1 |  | -1 0 |  | 1  1  |  | 1  1  |  | 1  0 |  | 1  1  |  | 1  0 |  | -1 -1 |  | -1 1  |  | -1 0 |  | -1 1  |  | -1 0 |  | 1  1  |  | 1  0 |  | 1  0 |
 | -1 |  | -1 |  | -1 |  | -1 |  | 1  |  | 1  |  | 1  |  | 1  |  | 0 |  | -1 -1 |  | -1 -1 |  | -1 1  |  | -1 0 |  | -1 -1 |  | -1 1  |  | -1 0 |  | -1 -1 |  | -1 1  |  | -1 0 |  | -1 1  |  | -1 0 |  | 1  1  |  | 1  1  |  | 1  0 |  | 1  1  |  | 1  0 |  | 1  1  |  | 1  0 |  | 1  0 |
 | -1 |  | -1 |  | -1 |  | -1 |  | -1 |  | -1 |  | -1 |  | -1 |  | 1 |  | -1 -1 |  | -1 -1 |  | -1 -1 |  | -1 1 |  | -1 -1 |  | -1 -1 |  | -1 1 |  | -1 -1 |  | -1 -1 |  | -1 1 |  | -1 -1 |  | -1 1 |  | -1 -1 |  | -1 -1 |  | -1 1 |  | -1 -1 |  | -1 1 |  | -1 -1 |  | -1 1 |  | -1 1 |
Graph: {1, 5, 9, 10, 14, 18, 20, 24, 25, 28, 29, 30}
Cones with solutions: 
{| 0 |, | -1 -1 |, | 1  1  |, | -1 -1 |, | 1  1  |}
 | 0 |  | -1 -1 |  | -1 -1 |  | 1  1  |  | 1  1  |
 | 0 |  | -1 1  |  | -1 1  |  | -1 1  |  | -1 1  |
 | 1 |  | -1 -1 |  | -1 -1 |  | -1 -1 |  | -1 -1 |
Graph: {1, 5, 9, 10, 14, 18, 21, 23, 25, 28, 29, 30}
Cones with solutions: 
{| -1 |, | 1  |, | -1 |, | 1  |, | -1 |, | 1  |, | -1 |, | 1  |, | 0 |, | -1 1  |, | -1 -1 |, | -1 -1 |, | -1 0 |, | 1  1  |, | 1  1  |, | 1  0 |, | -1 1  |, | -1 -1 |, | -1 0 |, | 1  1  |, | 1  0 |, | -1 1  |, | -1 -1 |, | -1 0 |, | 1  1  |, | 1  0 |, | -1 1  |, | -1 0 |, | 1  0 |}
 | -1 |  | -1 |  | 1  |  | 1  |  | -1 |  | -1 |  | 1  |  | 1  |  | 0 |  | -1 -1 |  | -1 1  |  | -1 -1 |  | -1 0 |  | -1 1  |  | -1 -1 |  | -1 0 |  | 1  1  |  | 1  1  |  | 1  0 |  | 1  1  |  | 1  0 |  | -1 -1 |  | -1 1  |  | -1 0 |  | -1 1  |  | -1 0 |  | 1  1  |  | 1  0 |  | 1  0 |
 | -1 |  | -1 |  | -1 |  | -1 |  | 1  |  | 1  |  | 1  |  | 1  |  | 0 |  | -1 -1 |  | -1 -1 |  | -1 1  |  | -1 0 |  | -1 -1 |  | -1 1  |  | -1 0 |  | -1 -1 |  | -1 1  |  | -1 0 |  | -1 1  |  | -1 0 |  | 1  1  |  | 1  1  |  | 1  0 |  | 1  1  |  | 1  0 |  | 1  1  |  | 1  0 |  | 1  0 |
 | -1 |  | -1 |  | -1 |  | -1 |  | -1 |  | -1 |  | -1 |  | -1 |  | 1 |  | -1 -1 |  | -1 -1 |  | -1 -1 |  | -1 1 |  | -1 -1 |  | -1 -1 |  | -1 1 |  | -1 -1 |  | -1 -1 |  | -1 1 |  | -1 -1 |  | -1 1 |  | -1 -1 |  | -1 -1 |  | -1 1 |  | -1 -1 |  | -1 1 |  | -1 -1 |  | -1 1 |  | -1 1 |
Graph: {1, 5, 9, 11, 13, 18, 20, 22, 27, 28, 29, 30}
Cones with solutions: 
{| -1 |, | 1  |, | -1 |, | 1  |, | -1 |, | 1  |, | -1 |, | 1  |, | 0 |, | -1 1  |, | -1 -1 |, | -1 -1 |, | -1 0 |, | 1  1  |, | 1  1  |, | 1  0 |, | -1 1  |, | -1 -1 |, | -1 0 |, | 1  1  |, | 1  0 |, | -1 1  |, | -1 -1 |, | -1 0 |, | 1  1  |, | 1  0 |, | -1 1  |, | -1 0 |, | 1  0 |}
 | -1 |  | -1 |  | 1  |  | 1  |  | -1 |  | -1 |  | 1  |  | 1  |  | 0 |  | -1 -1 |  | -1 1  |  | -1 -1 |  | -1 0 |  | -1 1  |  | -1 -1 |  | -1 0 |  | 1  1  |  | 1  1  |  | 1  0 |  | 1  1  |  | 1  0 |  | -1 -1 |  | -1 1  |  | -1 0 |  | -1 1  |  | -1 0 |  | 1  1  |  | 1  0 |  | 1  0 |
 | -1 |  | -1 |  | -1 |  | -1 |  | 1  |  | 1  |  | 1  |  | 1  |  | 0 |  | -1 -1 |  | -1 -1 |  | -1 1  |  | -1 0 |  | -1 -1 |  | -1 1  |  | -1 0 |  | -1 -1 |  | -1 1  |  | -1 0 |  | -1 1  |  | -1 0 |  | 1  1  |  | 1  1  |  | 1  0 |  | 1  1  |  | 1  0 |  | 1  1  |  | 1  0 |  | 1  0 |
 | -1 |  | -1 |  | -1 |  | -1 |  | -1 |  | -1 |  | -1 |  | -1 |  | 1 |  | -1 -1 |  | -1 -1 |  | -1 -1 |  | -1 1 |  | -1 -1 |  | -1 -1 |  | -1 1 |  | -1 -1 |  | -1 -1 |  | -1 1 |  | -1 -1 |  | -1 1 |  | -1 -1 |  | -1 -1 |  | -1 1 |  | -1 -1 |  | -1 1 |  | -1 -1 |  | -1 1 |  | -1 1 |
Graph: {1, 5, 9, 11, 13, 18, 21, 22, 26, 28, 29, 30}
Cones with solutions: 
{| 0 |, | -1 -1 |, | 1  1  |, | -1 -1 |, | 1  1  |}
 | 0 |  | -1 -1 |  | -1 -1 |  | 1  1  |  | 1  1  |
 | 0 |  | -1 1  |  | -1 1  |  | -1 1  |  | -1 1  |
 | 1 |  | -1 -1 |  | -1 -1 |  | -1 -1 |  | -1 -1 |
Graph: {1, 5, 9, 11, 13, 18, 19, 24, 26, 28, 29, 30}
Cones with solutions: 
{| 0 |, | -1 -1 |, | -1 -1 |, | 1  1  |, | 1  1  |, | -1 -1 |, | 1  1  |, | -1 -1 |, | 1  1  |}
 | 0 |  | -1 1  |  | -1 -1 |  | -1 1  |  | -1 -1 |  | 1  1  |  | 1  1  |  | -1 1  |  | -1 1  |
 | 0 |  | -1 -1 |  | -1 1  |  | -1 -1 |  | -1 1  |  | -1 1  |  | -1 1  |  | 1  1  |  | 1  1  |
 | 1 |  | -1 -1 |  | -1 -1 |  | -1 -1 |  | -1 -1 |  | -1 -1 |  | -1 -1 |  | -1 -1 |  | -1 -1 |
Graph: {1, 5, 9, 11, 13, 18, 20, 24, 25, 28, 29, 30}
Cones with solutions: 
{| 0 |, | -1 -1 |, | 1  1  |, | -1 -1 |, | 1  1  |}
 | 0 |  | -1 -1 |  | -1 -1 |  | 1  1  |  | 1  1  |
 | 0 |  | -1 1  |  | -1 1  |  | -1 1  |  | -1 1  |
 | 1 |  | -1 -1 |  | -1 -1 |  | -1 -1 |  | -1 -1 |
Graph: {1, 5, 9, 11, 13, 18, 21, 23, 25, 28, 29, 30}
Cones with solutions: 
{| 0 |, | -1 -1 |, | -1 -1 |, | 1  1  |, | 1  1  |, | -1 -1 |, | 1  1  |, | -1 -1 |, | 1  1  |}
 | 0 |  | -1 1  |  | -1 -1 |  | -1 1  |  | -1 -1 |  | 1  1  |  | 1  1  |  | -1 1  |  | -1 1  |
 | 0 |  | -1 -1 |  | -1 1  |  | -1 -1 |  | -1 1  |  | -1 1  |  | -1 1  |  | 1  1  |  | 1  1  |
 | 1 |  | -1 -1 |  | -1 -1 |  | -1 -1 |  | -1 -1 |  | -1 -1 |  | -1 -1 |  | -1 -1 |  | -1 -1 |
Graph: {1, 5, 9, 12, 13, 17, 19, 24, 26, 28, 29, 30}
Cones with solutions: 
{| 0 |, | -1 -1 |, | 1  1  |, | -1 -1 |, | 1  1  |}
 | 0 |  | -1 1  |  | -1 1  |  | -1 1  |  | -1 1  |
 | 0 |  | -1 -1 |  | -1 -1 |  | 1  1  |  | 1  1  |
 | 1 |  | -1 -1 |  | -1 -1 |  | -1 -1 |  | -1 -1 |
Graph: {1, 5, 9, 12, 13, 17, 21, 23, 25, 28, 29, 30}
Cones with solutions: 
{| 0 |, | -1 -1 |, | 1  1  |, | -1 -1 |, | 1  1  |}
 | 0 |  | -1 1  |  | -1 1  |  | -1 1  |  | -1 1  |
 | 0 |  | -1 -1 |  | -1 -1 |  | 1  1  |  | 1  1  |
 | 1 |  | -1 -1 |  | -1 -1 |  | -1 -1 |  | -1 -1 |
Graph: {1, 5, 9, 10, 15, 17, 19, 24, 26, 28, 29, 30}
Cones with solutions: 
{| -1 |, | 1  |, | -1 |, | 1  |, | -1 |, | 1  |, | -1 |, | 1  |, | 0 |, | -1 1  |, | -1 -1 |, | -1 -1 |, | -1 0 |, | 1  1  |, | 1  1  |, | 1  0 |, | -1 1  |, | -1 -1 |, | -1 0 |, | 1  1  |, | 1  0 |, | -1 1  |, | -1 -1 |, | -1 0 |, | 1  1  |, | 1  0 |, | -1 1  |, | -1 0 |, | 1  0 |}
 | -1 |  | -1 |  | 1  |  | 1  |  | -1 |  | -1 |  | 1  |  | 1  |  | 0 |  | -1 -1 |  | -1 1  |  | -1 -1 |  | -1 0 |  | -1 1  |  | -1 -1 |  | -1 0 |  | 1  1  |  | 1  1  |  | 1  0 |  | 1  1  |  | 1  0 |  | -1 -1 |  | -1 1  |  | -1 0 |  | -1 1  |  | -1 0 |  | 1  1  |  | 1  0 |  | 1  0 |
 | -1 |  | -1 |  | -1 |  | -1 |  | 1  |  | 1  |  | 1  |  | 1  |  | 0 |  | -1 -1 |  | -1 -1 |  | -1 1  |  | -1 0 |  | -1 -1 |  | -1 1  |  | -1 0 |  | -1 -1 |  | -1 1  |  | -1 0 |  | -1 1  |  | -1 0 |  | 1  1  |  | 1  1  |  | 1  0 |  | 1  1  |  | 1  0 |  | 1  1  |  | 1  0 |  | 1  0 |
 | -1 |  | -1 |  | -1 |  | -1 |  | -1 |  | -1 |  | -1 |  | -1 |  | 1 |  | -1 -1 |  | -1 -1 |  | -1 -1 |  | -1 1 |  | -1 -1 |  | -1 -1 |  | -1 1 |  | -1 -1 |  | -1 -1 |  | -1 1 |  | -1 -1 |  | -1 1 |  | -1 -1 |  | -1 -1 |  | -1 1 |  | -1 -1 |  | -1 1 |  | -1 -1 |  | -1 1 |  | -1 1 |
Graph: {1, 5, 9, 10, 15, 17, 20, 24, 25, 28, 29, 30}
Cones with solutions: 
{| 0 |, | -1 -1 |, | 1  1  |, | -1 -1 |, | 1  1  |}
 | 0 |  | -1 -1 |  | -1 -1 |  | 1  1  |  | 1  1  |
 | 0 |  | -1 1  |  | -1 1  |  | -1 1  |  | -1 1  |
 | 1 |  | -1 -1 |  | -1 -1 |  | -1 -1 |  | -1 -1 |
Graph: {1, 5, 9, 10, 15, 17, 21, 23, 25, 28, 29, 30}
Cones with solutions: 
{| 0 |, | -1 -1 |, | -1 -1 |, | 1  1  |, | 1  1  |, | -1 -1 |, | 1  1  |, | -1 -1 |, | 1  1  |}
 | 0 |  | -1 1  |  | -1 -1 |  | -1 1  |  | -1 -1 |  | 1  1  |  | 1  1  |  | -1 1  |  | -1 1  |
 | 0 |  | -1 -1 |  | -1 1  |  | -1 -1 |  | -1 1  |  | -1 1  |  | -1 1  |  | 1  1  |  | 1  1  |
 | 1 |  | -1 -1 |  | -1 -1 |  | -1 -1 |  | -1 -1 |  | -1 -1 |  | -1 -1 |  | -1 -1 |  | -1 -1 |
Graph: {1, 5, 9, 11, 15, 16, 21, 23, 25, 28, 29, 30}
Cones with solutions: 
{| 0 |, | -1 -1 |, | 1  1  |, | -1 -1 |, | 1  1  |}
 | 0 |  | -1 1  |  | -1 1  |  | -1 1  |  | -1 1  |
 | 0 |  | -1 -1 |  | -1 -1 |  | 1  1  |  | 1  1  |
 | 1 |  | -1 -1 |  | -1 -1 |  | -1 -1 |  | -1 -1 |
Graph: {1, 5, 9, 12, 14, 16, 21, 23, 25, 28, 29, 30}
Cones with solutions: 
{| -1 |, | 1  |, | -1 |, | 1  |, | -1 |, | 1  |, | -1 |, | 1  |, | 0 |, | -1 1  |, | -1 -1 |, | -1 -1 |, | -1 0 |, | 1  1  |, | 1  1  |, | 1  0 |, | -1 1  |, | -1 -1 |, | -1 0 |, | 1  1  |, | 1  0 |, | -1 1  |, | -1 -1 |, | -1 0 |, | 1  1  |, | 1  0 |, | -1 1  |, | -1 0 |, | 1  0 |}
 | -1 |  | -1 |  | 1  |  | 1  |  | -1 |  | -1 |  | 1  |  | 1  |  | 0 |  | -1 -1 |  | -1 1  |  | -1 -1 |  | -1 0 |  | -1 1  |  | -1 -1 |  | -1 0 |  | 1  1  |  | 1  1  |  | 1  0 |  | 1  1  |  | 1  0 |  | -1 -1 |  | -1 1  |  | -1 0 |  | -1 1  |  | -1 0 |  | 1  1  |  | 1  0 |  | 1  0 |
 | -1 |  | -1 |  | -1 |  | -1 |  | 1  |  | 1  |  | 1  |  | 1  |  | 0 |  | -1 -1 |  | -1 -1 |  | -1 1  |  | -1 0 |  | -1 -1 |  | -1 1  |  | -1 0 |  | -1 -1 |  | -1 1  |  | -1 0 |  | -1 1  |  | -1 0 |  | 1  1  |  | 1  1  |  | 1  0 |  | 1  1  |  | 1  0 |  | 1  1  |  | 1  0 |  | 1  0 |
 | -1 |  | -1 |  | -1 |  | -1 |  | -1 |  | -1 |  | -1 |  | -1 |  | 1 |  | -1 -1 |  | -1 -1 |  | -1 -1 |  | -1 1 |  | -1 -1 |  | -1 -1 |  | -1 1 |  | -1 -1 |  | -1 -1 |  | -1 1 |  | -1 -1 |  | -1 1 |  | -1 -1 |  | -1 -1 |  | -1 1 |  | -1 -1 |  | -1 1 |  | -1 -1 |  | -1 1 |  | -1 1 |
Graph: {2, 4, 9, 11, 13, 18, 20, 22, 27, 28, 29, 30}
Cones with solutions: 
{| -1 |, | 1  |, | -1 |, | 1  |, | -1 |, | 1  |, | -1 |, | 1  |, | 0 |, | -1 1  |, | -1 -1 |, | -1 -1 |, | -1 0 |, | 1  1  |, | 1  1  |, | 1  0 |, | -1 1  |, | -1 -1 |, | -1 0 |, | 1  1  |, | 1  0 |, | -1 1  |, | -1 -1 |, | -1 0 |, | 1  1  |, | 1  0 |, | -1 1  |, | -1 0 |, | 1  0 |}
 | -1 |  | -1 |  | 1  |  | 1  |  | -1 |  | -1 |  | 1  |  | 1  |  | 0 |  | -1 -1 |  | -1 1  |  | -1 -1 |  | -1 0 |  | -1 1  |  | -1 -1 |  | -1 0 |  | 1  1  |  | 1  1  |  | 1  0 |  | 1  1  |  | 1  0 |  | -1 -1 |  | -1 1  |  | -1 0 |  | -1 1  |  | -1 0 |  | 1  1  |  | 1  0 |  | 1  0 |
 | -1 |  | -1 |  | -1 |  | -1 |  | 1  |  | 1  |  | 1  |  | 1  |  | 0 |  | -1 -1 |  | -1 -1 |  | -1 1  |  | -1 0 |  | -1 -1 |  | -1 1  |  | -1 0 |  | -1 -1 |  | -1 1  |  | -1 0 |  | -1 1  |  | -1 0 |  | 1  1  |  | 1  1  |  | 1  0 |  | 1  1  |  | 1  0 |  | 1  1  |  | 1  0 |  | 1  0 |
 | -1 |  | -1 |  | -1 |  | -1 |  | -1 |  | -1 |  | -1 |  | -1 |  | 1 |  | -1 -1 |  | -1 -1 |  | -1 -1 |  | -1 1 |  | -1 -1 |  | -1 -1 |  | -1 1 |  | -1 -1 |  | -1 -1 |  | -1 1 |  | -1 -1 |  | -1 1 |  | -1 -1 |  | -1 -1 |  | -1 1 |  | -1 -1 |  | -1 1 |  | -1 -1 |  | -1 1 |  | -1 1 |
Graph: {2, 4, 9, 11, 13, 18, 21, 22, 26, 28, 29, 30}
Cones with solutions: 
{| 0 |, | -1 -1 |, | -1 0 |, | 1  1  |, | 1  0 |, | -1 -1 |, | -1 0 |, | 1  1  |, | 1  0 |, | -1 0 |, | 1  0 |, | -1 0 |, | 1  0 |}
 | 0 |  | -1 -1 |  | -1 0 |  | -1 -1 |  | -1 0 |  | 1  1  |  | 1  0 |  | 1  1  |  | 1  0 |  | -1 0 |  | -1 0 |  | 1  0 |  | 1  0 |
 | 0 |  | -1 1  |  | -1 0 |  | -1 1  |  | -1 0 |  | -1 1  |  | -1 0 |  | -1 1  |  | -1 0 |  | 1  0 |  | 1  0 |  | 1  0 |  | 1  0 |
 | 1 |  | -1 -1 |  | -1 1 |  | -1 -1 |  | -1 1 |  | -1 -1 |  | -1 1 |  | -1 -1 |  | -1 1 |  | -1 1 |  | -1 1 |  | -1 1 |  | -1 1 |
Graph: {2, 4, 9, 11, 13, 18, 19, 24, 26, 28, 29, 30}
Cones with solutions: 
{| 0 |, | -1 -1 |, | 1  1  |, | -1 -1 |, | 1  1  |}
 | 0 |  | -1 -1 |  | -1 -1 |  | 1  1  |  | 1  1  |
 | 0 |  | -1 1  |  | -1 1  |  | -1 1  |  | -1 1  |
 | 1 |  | -1 -1 |  | -1 -1 |  | -1 -1 |  | -1 -1 |
Graph: {2, 4, 9, 11, 13, 18, 20, 24, 25, 28, 29, 30}
Cones with solutions: 
{| 0 |, | -1 -1 |, | -1 0 |, | 1  1  |, | 1  0 |, | -1 -1 |, | -1 0 |, | 1  1  |, | 1  0 |, | -1 0 |, | 1  0 |, | -1 0 |, | 1  0 |}
 | 0 |  | -1 -1 |  | -1 0 |  | -1 -1 |  | -1 0 |  | 1  1  |  | 1  0 |  | 1  1  |  | 1  0 |  | -1 0 |  | -1 0 |  | 1  0 |  | 1  0 |
 | 0 |  | -1 1  |  | -1 0 |  | -1 1  |  | -1 0 |  | -1 1  |  | -1 0 |  | -1 1  |  | -1 0 |  | 1  0 |  | 1  0 |  | 1  0 |  | 1  0 |
 | 1 |  | -1 -1 |  | -1 1 |  | -1 -1 |  | -1 1 |  | -1 -1 |  | -1 1 |  | -1 -1 |  | -1 1 |  | -1 1 |  | -1 1 |  | -1 1 |  | -1 1 |
Graph: {2, 4, 9, 11, 13, 18, 21, 23, 25, 28, 29, 30}
Cones with solutions: 
{| 0 |, | -1 -1 |, | 1  1  |, | -1 -1 |, | 1  1  |}
 | 0 |  | -1 -1 |  | -1 -1 |  | 1  1  |  | 1  1  |
 | 0 |  | -1 1  |  | -1 1  |  | -1 1  |  | -1 1  |
 | 1 |  | -1 -1 |  | -1 -1 |  | -1 -1 |  | -1 -1 |
Graph: {2, 4, 9, 12, 13, 17, 21, 22, 26, 28, 29, 30}
Cones with solutions: 
{| 0 |, | -1 0 |, | 1  0 |, | -1 0 |, | 1  0 |}
 | 0 |  | -1 0 |  | -1 0 |  | 1  0 |  | 1  0 |
 | 0 |  | -1 0 |  | -1 0 |  | 1  0 |  | 1  0 |
 | 1 |  | -1 1 |  | -1 1 |  | -1 1 |  | -1 1 |
Graph: {2, 4, 9, 12, 13, 17, 20, 24, 25, 28, 29, 30}
Cones with solutions: 
{| 0 |, | -1 0 |, | 1  0 |, | -1 0 |, | 1  0 |}
 | 0 |  | 1  0 |  | 1  0 |  | -1 0 |  | -1 0 |
 | 0 |  | -1 0 |  | -1 0 |  | 1  0 |  | 1  0 |
 | 1 |  | -1 1 |  | -1 1 |  | -1 1 |  | -1 1 |
Graph: {2, 4, 9, 10, 15, 17, 19, 24, 26, 28, 29, 30}
Cones with solutions: 
{| 0 |, | -1 1  |, | -1 1  |, | -1 1  |, | -1 1  |}
 | 0 |  | -1 -1 |  | 1  1  |  | -1 -1 |  | 1  1  |
 | 0 |  | -1 -1 |  | -1 -1 |  | 1  1  |  | 1  1  |
 | 1 |  | -1 -1 |  | -1 -1 |  | -1 -1 |  | -1 -1 |
Graph: {2, 4, 9, 11, 15, 16, 20, 24, 25, 28, 29, 30}
Cones with solutions: 
{| 0 |, | -1 0 |, | 1  0 |, | -1 0 |, | 1  0 |}
 | 0 |  | -1 0 |  | -1 0 |  | 1  0 |  | 1  0 |
 | 0 |  | -1 0 |  | -1 0 |  | 1  0 |  | 1  0 |
 | 1 |  | -1 1 |  | -1 1 |  | -1 1 |  | -1 1 |
Graph: {2, 4, 9, 12, 14, 16, 21, 23, 25, 28, 29, 30}
Cones with solutions: 
{| 0 |, | -1 1  |, | -1 1  |, | -1 1  |, | -1 1  |}
 | 0 |  | -1 -1 |  | 1  1  |  | -1 -1 |  | 1  1  |
 | 0 |  | -1 -1 |  | -1 -1 |  | 1  1  |  | 1  1  |
 | 1 |  | -1 -1 |  | -1 -1 |  | -1 -1 |  | -1 -1 |
Graph: {3, 4, 8, 12, 13, 17, 21, 22, 26, 28, 29, 30}
Cones with solutions: 
{| 0 |, | -1 0 |, | 1  0 |}
 | 0 |  | -1 0 |  | 1  0 |
 | 0 |  | -1 0 |  | 1  0 |
 | 1 |  | -1 1 |  | -1 1 |
Graph: {3, 4, 8, 12, 13, 17, 19, 24, 26, 28, 29, 30}
Cones with solutions: 
{| 0 |, | -1 0 |, | 1  0 |, | -1 0 |, | 1  0 |}
 | 0 |  | -1 0 |  | 1  0 |  | -1 0 |  | 1  0 |
 | 0 |  | -1 0 |  | -1 0 |  | 1  0 |  | 1  0 |
 | 1 |  | -1 1 |  | -1 1 |  | -1 1 |  | -1 1 |
Graph: {3, 4, 8, 12, 13, 17, 20, 24, 25, 28, 29, 30}
Cones with solutions: 
{| 0 |, | 1  0 |, | -1 0 |}
 | 0 |  | 1  0 |  | -1 0 |
 | 0 |  | -1 0 |  | 1  0 |
 | 1 |  | -1 1 |  | -1 1 |
Graph: {3, 4, 8, 12, 13, 17, 21, 23, 25, 28, 29, 30}
Cones with solutions: 
{| 0 |, | -1 0 |, | 1  0 |, | -1 0 |, | 1  0 |}
 | 0 |  | -1 0 |  | 1  0 |  | -1 0 |  | 1  0 |
 | 0 |  | -1 0 |  | -1 0 |  | 1  0 |  | 1  0 |
 | 1 |  | -1 1 |  | -1 1 |  | -1 1 |  | -1 1 |
Graph: {3, 4, 8, 10, 15, 17, 19, 24, 26, 28, 29, 30}
Cones with solutions: 
{| 0 |, | -1 1  |, | -1 0 |, | 1  0 |, | -1 1  |, | -1 0 |, | 1  0 |, | -1 1  |, | -1 0 |, | 1  0 |, | -1 1  |, | -1 0 |, | 1  0 |}
 | 0 |  | -1 -1 |  | -1 0 |  | -1 0 |  | 1  1  |  | 1  0 |  | 1  0 |  | -1 -1 |  | -1 0 |  | -1 0 |  | 1  1  |  | 1  0 |  | 1  0 |
 | 0 |  | -1 -1 |  | -1 0 |  | -1 0 |  | -1 -1 |  | -1 0 |  | -1 0 |  | 1  1  |  | 1  0 |  | 1  0 |  | 1  1  |  | 1  0 |  | 1  0 |
 | 1 |  | -1 -1 |  | -1 1 |  | -1 1 |  | -1 -1 |  | -1 1 |  | -1 1 |  | -1 -1 |  | -1 1 |  | -1 1 |  | -1 -1 |  | -1 1 |  | -1 1 |
Graph: {3, 4, 8, 10, 15, 17, 20, 24, 25, 28, 29, 30}
Cones with solutions: 
{| 0 |, | 1  0 |, | 1  0 |, | -1 0 |, | -1 0 |}
 | 0 |  | -1 0 |  | 1  0 |  | -1 0 |  | 1  0 |
 | 0 |  | -1 0 |  | -1 0 |  | 1  0 |  | 1  0 |
 | 1 |  | -1 1 |  | -1 1 |  | -1 1 |  | -1 1 |
Graph: {3, 4, 8, 11, 15, 16, 20, 24, 25, 28, 29, 30}
Cones with solutions: 
{| 0 |, | 1  0 |, | -1 0 |}
 | 0 |  | -1 0 |  | 1  0 |
 | 0 |  | -1 0 |  | 1  0 |
 | 1 |  | -1 1 |  | -1 1 |
Graph: {3, 4, 8, 11, 15, 16, 21, 23, 25, 28, 29, 30}
Cones with solutions: 
{| 0 |, | 1  0 |, | -1 0 |, | 1  0 |, | -1 0 |}
 | 0 |  | -1 0 |  | 1  0 |  | -1 0 |  | 1  0 |
 | 0 |  | -1 0 |  | -1 0 |  | 1  0 |  | 1  0 |
 | 1 |  | -1 1 |  | -1 1 |  | -1 1 |  | -1 1 |
Graph: {3, 4, 8, 12, 14, 16, 21, 23, 25, 28, 29, 30}
Cones with solutions: 
{| 0 |, | -1 1  |, | -1 0 |, | 1  0 |, | -1 1  |, | -1 0 |, | 1  0 |, | -1 1  |, | -1 0 |, | 1  0 |, | -1 1  |, | -1 0 |, | 1  0 |}
 | 0 |  | -1 -1 |  | -1 0 |  | -1 0 |  | 1  1  |  | 1  0 |  | 1  0 |  | -1 -1 |  | -1 0 |  | -1 0 |  | 1  1  |  | 1  0 |  | 1  0 |
 | 0 |  | -1 -1 |  | -1 0 |  | -1 0 |  | -1 -1 |  | -1 0 |  | -1 0 |  | 1  1  |  | 1  0 |  | 1  0 |  | 1  1  |  | 1  0 |  | 1  0 |
 | 1 |  | -1 -1 |  | -1 1 |  | -1 1 |  | -1 -1 |  | -1 1 |  | -1 1 |  | -1 -1 |  | -1 1 |  | -1 1 |  | -1 -1 |  | -1 1 |  | -1 1 |
Graph: {1, 6, 8, 10, 15, 17, 19, 24, 26, 28, 29, 30}
Cones with solutions: 
{| -1 |, | 1  |, | -1 |, | 1  |, | -1 |, | 1  |, | -1 |, | 1  |, | 0 |, | -1 1  |, | -1 -1 |, | -1 -1 |, | -1 0 |, | 1  1  |, | 1  1  |, | 1  0 |, | -1 1  |, | -1 -1 |, | -1 0 |, | 1  1  |, | 1  0 |, | -1 1  |, | -1 -1 |, | -1 0 |, | 1  1  |, | 1  0 |, | -1 1  |, | -1 0 |, | 1  0 |}
 | -1 |  | -1 |  | 1  |  | 1  |  | -1 |  | -1 |  | 1  |  | 1  |  | 0 |  | -1 -1 |  | -1 1  |  | -1 -1 |  | -1 0 |  | -1 1  |  | -1 -1 |  | -1 0 |  | 1  1  |  | 1  1  |  | 1  0 |  | 1  1  |  | 1  0 |  | -1 -1 |  | -1 1  |  | -1 0 |  | -1 1  |  | -1 0 |  | 1  1  |  | 1  0 |  | 1  0 |
 | -1 |  | -1 |  | -1 |  | -1 |  | 1  |  | 1  |  | 1  |  | 1  |  | 0 |  | -1 -1 |  | -1 -1 |  | -1 1  |  | -1 0 |  | -1 -1 |  | -1 1  |  | -1 0 |  | -1 -1 |  | -1 1  |  | -1 0 |  | -1 1  |  | -1 0 |  | 1  1  |  | 1  1  |  | 1  0 |  | 1  1  |  | 1  0 |  | 1  1  |  | 1  0 |  | 1  0 |
 | -1 |  | -1 |  | -1 |  | -1 |  | -1 |  | -1 |  | -1 |  | -1 |  | 1 |  | -1 -1 |  | -1 -1 |  | -1 -1 |  | -1 1 |  | -1 -1 |  | -1 -1 |  | -1 1 |  | -1 -1 |  | -1 -1 |  | -1 1 |  | -1 -1 |  | -1 1 |  | -1 -1 |  | -1 -1 |  | -1 1 |  | -1 -1 |  | -1 1 |  | -1 -1 |  | -1 1 |  | -1 1 |
Graph: {1, 6, 8, 10, 15, 17, 20, 24, 25, 28, 29, 30}
Cones with solutions: 
{| 0 |, | -1 -1 |, | -1 0 |, | 1  1  |, | 1  0 |, | -1 -1 |, | -1 0 |, | 1  1  |, | 1  0 |, | -1 0 |, | 1  0 |, | -1 0 |, | 1  0 |}
 | 0 |  | -1 -1 |  | -1 0 |  | -1 -1 |  | -1 0 |  | 1  1  |  | 1  0 |  | 1  1  |  | 1  0 |  | -1 0 |  | -1 0 |  | 1  0 |  | 1  0 |
 | 0 |  | -1 1  |  | -1 0 |  | -1 1  |  | -1 0 |  | -1 1  |  | -1 0 |  | -1 1  |  | -1 0 |  | 1  0 |  | 1  0 |  | 1  0 |  | 1  0 |
 | 1 |  | -1 -1 |  | -1 1 |  | -1 -1 |  | -1 1 |  | -1 -1 |  | -1 1 |  | -1 -1 |  | -1 1 |  | -1 1 |  | -1 1 |  | -1 1 |  | -1 1 |
Graph: {1, 6, 8, 10, 15, 17, 21, 23, 25, 28, 29, 30}
Cones with solutions: 
{| 0 |, | -1 -1 |, | 1  1  |, | -1 -1 |, | 1  1  |}
 | 0 |  | -1 -1 |  | -1 -1 |  | 1  1  |  | 1  1  |
 | 0 |  | -1 1  |  | -1 1  |  | -1 1  |  | -1 1  |
 | 1 |  | -1 -1 |  | -1 -1 |  | -1 -1 |  | -1 -1 |
Graph: {1, 6, 8, 11, 15, 16, 20, 24, 25, 28, 29, 30}
Cones with solutions: 
{| 0 |, | -1 0 |, | 1  0 |, | -1 0 |, | 1  0 |}
 | 0 |  | -1 0 |  | -1 0 |  | 1  0 |  | 1  0 |
 | 0 |  | -1 0 |  | -1 0 |  | 1  0 |  | 1  0 |
 | 1 |  | -1 1 |  | -1 1 |  | -1 1 |  | -1 1 |
Graph: {1, 6, 8, 12, 14, 16, 21, 23, 25, 28, 29, 30}
Cones with solutions: 
{| 0 |, | -1 1  |, | -1 1  |, | -1 1  |, | -1 1  |}
 | 0 |  | -1 -1 |  | 1  1  |  | -1 -1 |  | 1  1  |
 | 0 |  | -1 -1 |  | -1 -1 |  | 1  1  |  | 1  1  |
 | 1 |  | -1 -1 |  | -1 -1 |  | -1 -1 |  | -1 -1 |
Graph: {2, 6, 7, 11, 15, 16, 20, 24, 25, 28, 29, 30}
Cones with solutions: 
{| 0 |, | -1 0 |, | 1  0 |}
 | 0 |  | -1 0 |  | 1  0 |
 | 0 |  | -1 0 |  | 1  0 |
 | 1 |  | -1 1 |  | -1 1 |
Graph: {2, 6, 7, 11, 15, 16, 21, 23, 25, 28, 29, 30}
Cones with solutions: 
{| 0 |, | -1 0 |, | 1  0 |, | -1 0 |, | 1  0 |}
 | 0 |  | -1 0 |  | 1  0 |  | -1 0 |  | 1  0 |
 | 0 |  | -1 0 |  | -1 0 |  | 1  0 |  | 1  0 |
 | 1 |  | -1 1 |  | -1 1 |  | -1 1 |  | -1 1 |
Graph: {2, 6, 7, 12, 14, 16, 21, 23, 25, 28, 29, 30}
Cones with solutions: 
{| 0 |, | -1 1  |, | -1 0 |, | 1  0 |, | -1 1  |, | -1 0 |, | 1  0 |, | -1 1  |, | -1 0 |, | 1  0 |, | -1 1  |, | -1 0 |, | 1  0 |}
 | 0 |  | -1 -1 |  | -1 0 |  | -1 0 |  | 1  1  |  | 1  0 |  | 1  0 |  | -1 -1 |  | -1 0 |  | -1 0 |  | 1  1  |  | 1  0 |  | 1  0 |
 | 0 |  | -1 -1 |  | -1 0 |  | -1 0 |  | -1 -1 |  | -1 0 |  | -1 0 |  | 1  1  |  | 1  0 |  | 1  0 |  | 1  1  |  | 1  0 |  | 1  0 |
 | 1 |  | -1 -1 |  | -1 1 |  | -1 1 |  | -1 -1 |  | -1 1 |  | -1 1 |  | -1 -1 |  | -1 1 |  | -1 1 |  | -1 -1 |  | -1 1 |  | -1 1 |
Graph: {3, 5, 7, 12, 14, 16, 21, 23, 25, 28, 29, 30}
Cones with solutions: 
{| -1 |, | 1  |, | -1 |, | 1  |, | -1 |, | 1  |, | -1 |, | 1  |, | 0 |, | -1 1  |, | -1 -1 |, | -1 -1 |, | -1 0 |, | 1  1  |, | 1  1  |, | 1  0 |, | -1 1  |, | -1 -1 |, | -1 0 |, | 1  1  |, | 1  0 |, | -1 1  |, | -1 -1 |, | -1 0 |, | 1  1  |, | 1  0 |, | -1 1  |, | -1 0 |, | 1  0 |}
 | -1 |  | -1 |  | 1  |  | 1  |  | -1 |  | -1 |  | 1  |  | 1  |  | 0 |  | -1 -1 |  | -1 1  |  | -1 -1 |  | -1 0 |  | -1 1  |  | -1 -1 |  | -1 0 |  | 1  1  |  | 1  1  |  | 1  0 |  | 1  1  |  | 1  0 |  | -1 -1 |  | -1 1  |  | -1 0 |  | -1 1  |  | -1 0 |  | 1  1  |  | 1  0 |  | 1  0 |
 | -1 |  | -1 |  | -1 |  | -1 |  | 1  |  | 1  |  | 1  |  | 1  |  | 0 |  | -1 -1 |  | -1 -1 |  | -1 1  |  | -1 0 |  | -1 -1 |  | -1 1  |  | -1 0 |  | -1 -1 |  | -1 1  |  | -1 0 |  | -1 1  |  | -1 0 |  | 1  1  |  | 1  1  |  | 1  0 |  | 1  1  |  | 1  0 |  | 1  1  |  | 1  0 |  | 1  0 |
 | -1 |  | -1 |  | -1 |  | -1 |  | -1 |  | -1 |  | -1 |  | -1 |  | 1 |  | -1 -1 |  | -1 -1 |  | -1 -1 |  | -1 1 |  | -1 -1 |  | -1 -1 |  | -1 1 |  | -1 -1 |  | -1 -1 |  | -1 1 |  | -1 -1 |  | -1 1 |  | -1 -1 |  | -1 -1 |  | -1 1 |  | -1 -1 |  | -1 1 |  | -1 -1 |  | -1 1 |  | -1 1 |
