vertices: 4
actions: 2
results: 
Graph: {1, 6, 11, 16, 18, 21, 28, 31, 33, 34, 35, 36, 37, 38}
Cones with solutions: 
{| -1 |, | 1  |, | -1 |, | 1  |, | 0 |}
 | -1 |  | -1 |  | 1  |  | 1  |  | 0 |
 | -1 |  | -1 |  | -1 |  | -1 |  | 1 |
Graph: {1, 6, 11, 16, 19, 24, 25, 30, 33, 34, 35, 36, 37, 38}
Cones with solutions: 
{| -1 |, | 1  |, | -1 |, | 1  |, | 0 |}
 | -1 |  | -1 |  | 1  |  | 1  |  | 0 |
 | -1 |  | -1 |  | -1 |  | -1 |  | 1 |
Graph: {1, 6, 11, 16, 20, 23, 26, 29, 33, 34, 35, 36, 37, 38}
Cones with solutions: 
{| -1 |, | 1  |, | -1 |, | 1  |, | 0 |}
 | -1 |  | -1 |  | 1  |  | 1  |  | 0 |
 | -1 |  | -1 |  | -1 |  | -1 |  | 1 |
Graph: {2, 5, 11, 16, 18, 21, 28, 31, 33, 34, 35, 36, 37, 38}
Cones with solutions: 
{| -1 |, | 1  |, | -1 |, | 1  |, | 0 |}
 | -1 |  | -1 |  | 1  |  | 1  |  | 0 |
 | -1 |  | -1 |  | -1 |  | -1 |  | 1 |
Graph: {2, 5, 11, 16, 17, 22, 28, 31, 33, 34, 35, 36, 37, 38}
Cones with solutions: 
{| -1 |, | 1  |, | -1 |, | 1  |, | 0 |}
 | -1 |  | -1 |  | 1  |  | 1  |  | 0 |
 | -1 |  | -1 |  | -1 |  | -1 |  | 1 |
Graph: {1, 7, 10, 16, 20, 23, 26, 29, 33, 34, 35, 36, 37, 38}
Cones with solutions: 
{| -1 |, | 1  |, | -1 |, | 1  |, | 0 |}
 | -1 |  | -1 |  | 1  |  | 1  |  | 0 |
 | -1 |  | -1 |  | -1 |  | -1 |  | 1 |
Graph: {1, 7, 10, 16, 20, 22, 27, 29, 33, 34, 35, 36, 37, 38}
Cones with solutions: 
{| -1 |, | 1  |, | -1 |, | 1  |, | 0 |}
 | -1 |  | -1 |  | 1  |  | 1  |  | 0 |
 | -1 |  | -1 |  | -1 |  | -1 |  | 1 |
Graph: {3, 6, 9, 16, 17, 24, 27, 30, 33, 34, 35, 36, 37, 38}
Cones with solutions: 
{| -1 |, | 1  |, | -1 |, | 1  |, | 0 |}
 | -1 |  | -1 |  | 1  |  | 1  |  | 0 |
 | -1 |  | -1 |  | -1 |  | -1 |  | 1 |
Graph: {3, 6, 9, 16, 19, 24, 25, 30, 33, 34, 35, 36, 37, 38}
Cones with solutions: 
{| -1 |, | 1  |, | -1 |, | 1  |, | 0 |}
 | -1 |  | -1 |  | 1  |  | 1  |  | 0 |
 | -1 |  | -1 |  | -1 |  | -1 |  | 1 |
Graph: {2, 5, 12, 15, 18, 21, 28, 31, 33, 34, 35, 36, 37, 38}
Cones with solutions: 
{| -1 |, | 1  |, | -1 |, | 1  |, | 0 |}
 | -1 |  | -1 |  | 1  |  | 1  |  | 0 |
 | -1 |  | -1 |  | -1 |  | -1 |  | 1 |
Graph: {2, 5, 12, 15, 17, 22, 28, 31, 33, 34, 35, 36, 37, 38}
Cones with solutions: 
{| -1 |, | 1  |, | -1 |, | 1  |, | 0 |}
 | -1 |  | -1 |  | 1  |  | 1  |  | 0 |
 | -1 |  | -1 |  | -1 |  | -1 |  | 1 |
Graph: {1, 8, 11, 14, 19, 24, 25, 30, 33, 34, 35, 36, 37, 38}
Cones with solutions: 
{| -1 |, | 1  |, | -1 |, | 1  |, | 0 |}
 | -1 |  | -1 |  | 1  |  | 1  |  | 0 |
 | -1 |  | -1 |  | -1 |  | -1 |  | 1 |
Graph: {3, 8, 9, 14, 19, 24, 25, 30, 33, 34, 35, 36, 37, 38}
Cones with solutions: 
{| -1 |, | 1  |, | -1 |, | 1  |, | 0 |}
 | -1 |  | -1 |  | 1  |  | 1  |  | 0 |
 | -1 |  | -1 |  | -1 |  | -1 |  | 1 |
Graph: {4, 7, 10, 13, 20, 23, 26, 29, 33, 34, 35, 36, 37, 38}
Cones with solutions: 
{| -1 |, | 1  |, | -1 |, | 1  |, | 0 |}
 | -1 |  | -1 |  | 1  |  | 1  |  | 0 |
 | -1 |  | -1 |  | -1 |  | -1 |  | 1 |
Graph: {4, 7, 10, 13, 20, 22, 27, 29, 33, 34, 35, 36, 37, 38}
Cones with solutions: 
{| -1 |, | 1  |, | -1 |, | 1  |, | 0 |}
 | -1 |  | -1 |  | 1  |  | 1  |  | 0 |
 | -1 |  | -1 |  | -1 |  | -1 |  | 1 |
